1          2           
2          1           
3          3           
4          4           
5          5           
6          6           
-1         -2          
-2         -1          
-3         -3          
-4         -4          
-5         -5          
-6         -6          
10         22          
9          21          
12         11          
-12        -11         
11         12          
-11        -12         
14         13          
-14        -13         
13         14          
-13        -14         
16         15          
-16        -15         
15         16          
-15        -16         
90         23          
80         24          
81         25          
85         32          
86         33          
87         34          
82         35          
83         36          
84         37          
17         1000010020  
18         1000010030  
19         1000010040  
0          0           
99         99          
110        111         
120        211         
-120       -211        
220        221         
130        321         
-130       -321        
230        311         
-230       -311        
20         310         
-20        130         
330        331         
111        113         
121        213         
-121       -213        
221        223         
131        323         
-131       -323        
231        313         
-231       -313        
331        333         
-140       421         
140        -421        
-240       411         
240        -411        
-340       431         
340        -431        
-241       413         
241        -413        
-141       423         
141        -423        
-341       433         
341        -433        
250        511         
150        521         
350        531         
450        541         
251        513         
151        523         
351        533         
451        543         
-440       -441        
440        441         
-441       -443        
441        443         
550        551         
551        553         
112        10223       
113        225         
114        20223       
115        100111      
116        10221       
117        100113      
118        9020113     
119        10115       
222        10113       
223        20113       
224        115         
225        10111       
226        9030221     
227        117         
228        30113       
229        9000115     
332        30221       
333        10333       
334        20333       
335        9000225     
336        9000223     
337        335         
338        9010225     
339        10331       
122        10213       
-122       -10213      
123        20213       
124        100211      
125        215         
-125       -215        
126        100213      
127        10211       
128        9020213     
129        10215       
212        217         
213        30213       
214        9000215     
215        9010211     
216        9030213     
217        9000217     
218        219         
219        9010215     
132        9000321     
133        10323       
134        20323       
135        100323      
136        10321       
137        325         
138        100321      
139        9000325     
312        9000323     
313        30323       
314        10325       
315        327         
316        20325       
317        9010321     
318        9020321     
319        9010325     
232        9000311     
233        10313       
234        20313       
235        100313      
236        10311       
237        315         
238        100311      
239        9000315     
322        9000313     
323        30313       
324        10315       
325        317         
326        20315       
327        9010311     
328        9020311     
329        9010315     
142        -10421      
-142       10421       
143        -10423      
-143       10423       
144        -20423      
-144       20423       
145        -425        
-145       425         
242        -10411      
-242       10411       
243        -10413      
-243       10413       
244        -20413      
-244       20413       
245        -415        
-245       415         
342        -10431      
-342       10431       
343        -20433      
-343       20433       
344        -10433      
-344       10433       
345        -435        
-345       435         
442        10441       
-442       10441       
443       20443       
-443       20443       
444        -10443      
-444       10443       
445        -445        
-445        445        
446        100441      
447        100443      
448        30443       
449        100445      
552        10551       
553        20553       
554        10553       
555        555         
556        100553      
557        200553      
558        300553      
559        9000553     
252        20513       
253        10513       
254        515         
255        10515       
152        20523       
153        10523       
154        525         
155        20525       
352        10531       
353        535         
354        20533       
355        10533       
452        10541       
453        10543       
454        20543       
455        545         
1120       2212         
1220       2112        
2130       3122        
1130       3222        
1230       3212        
2230       3112        
1330       3322        
2330       3312        
1111       2224        
1121       2214        
1221       2114        
2221       1114        
1131       3224        
1231       3214        
2231       3114        
1331       3324        
2331       3314        
3331       3334        
1112       32224       
1113       2222        
1114       12224       
1115       12222       
1116       2226        
1117       22222       
1118       22224       
1119       12226       
2222       31114       
2223       1112        
2224       11114       
2225       11112       
2226       1116        
2227       21112       
2228       21114       
2229       11116       
1122       12212       
1123       2124        
1124       22212       
1125       32214       
1126       2122        
1127       32212       
1128       2216        
1129       12216       
2112       12214       
2113       22124       
2114       42212       
2115       32124       
2116       12122       
2117       2126        
2118       22122       
2119       22214       
1212       12126       
1213       2218        
1214       2128        
1215       903128      
1216       5128        
1217       9298        
1218       9401        
1222       12112       
1223       1214        
1224       22112       
1225       32114       
1226       1212        
1227       32112       
1228       2116        
1229       12116       
2212       12114       
2213       21214       
2214       42112       
2215       31214       
2216       11212       
2217       1216        
2218       21212       
2219       22114       
2122       11216       
2123       2118        
2124       1218        
2125       903218      
2126       5218        
2127       9299        
2128       9400        
1233       13122       
1234       3124        
1235       23122       
1236       33122       
1237       13124       
1238       13212       
1239       13214       
3122       23212       
3123       3216        
3124       43122       
3125       53122       
3126       3126        
3127       13126       
3128       23124       
3129       13216       
3212       23214       
3213       3218        
3214       23126       
3215       4228        
3216       9001        
3217       3128        
1132       13222       
1133       13224       
1134       23222       
1135       3226        
1136       13226       
1137       23224       
1138       3228        
1139       4028        
2232       13112       
2233       13114       
2234       23112       
2235       3116        
2236       13116       
2237       23114       
2238       3118        
2239       4128        
1332       45553       
1333       203322      
1334       13324       
1335       103326      
1336       203326      
2332       46653       
2333       203312      
2334       13314       
2335       103316      
2336       203316      
3332       203338      
2140       4122        
2240       4112        
1240       4212        
1140       4222        
2241       4114        
1241       4214        
1141       4224        
3240       4132        
2340       4312        
3140       4232        
1340       4322        
3340       4332        
2341       4314        
1341       4324        
3341       4334        
2440       4412        
2441       4414        
1440       4422        
1441       4424        
3440       4432        
3441       4434        
4441       4444        
2250       5112        
2150       5122        
1250       5212        
1150       5222        
3350       5332        
3351       5334        
1350       5232        
3250       5132        
2350       5312        
1351       5324        
2351       5314        
2251       5114        
1251       5214        
1151       5224        
2151       5124        
2152       5126        
1242       14122       
2142       104122      
2143       204126       
2342       104314      
2343       104312      
1342       104324      
1343       104322      
3150       5322        
4250       5142        
2450       5412        
4150       5242        
1450       5422        
2451       5414        
1451       5424        
4350       5342        
3450       5432        
3451       5434        
4450       5442        
4451       5444        
2550       5512        
1550       5522        
2551       5514        
1551       5524        
3550       5532        
3551       5534        
3450       5542        
4551       5544        
5551       5554        
160        99          
260        99          
360        99          
161        99          
261        99          
361        99          
320        99          
1160       99          
1260       99          
2260       99          
2160       99          
1360       99          
2360       99          
3360       99          
1161       99          
1261       99          
2261       99          
2161       99          
1361       99          
2361       99          
3361       99          
702        9010221      
703        9000221     
704        9010223     
705        9000225     
706        10225       
707        30223       
708        227         
709        9040221     
712        9030225     
713        9040225     
714        9050225     
715        9060225     
716        9050221     
717        229         
718        9060221     
719        9070225     
722        9070221     
723        9000229     
724        9080221     
725        9080225     
726        9010229     
727        9090221     
728        9090225     
729        100221      
732        9020221     
733        1000223     
734        9020225     
776        329         
742        9020325     
743        9010327     
744        9000329     
752        9000443     
753        9010443     
754        9020443     
762        30553       
763        110551      
764        120553      
765        100555      
766        9010553     
772        9010217     
773        9000211     
774        9000213     
775        9040213     
777        9010213     
782        9000111     
783        9030113     
784        9000117     
785        119         
786        9010115     
787        9040113     
788        9010117     
789        9010111     
792        9000113     
793        9010113     
794        337         
795        10335       
796        100331      
797        100333      
802        9020315     
803        9010317     
804        9000319     
805        319         
7002       2228        
7003       1118        
7004       9297        
7005       9300        
1200       2101        
2300       3101        
1300       3201        
2400       4101        
1400       4201        
3400       4301        
2500       5101        
1500       5201        
3500       5301        
4500       5401        
2200       1103        
2100       2103        
1100       2203        
3200       3103        
3100       3203        
3300       3303        
4200       4103        
4100       4203        
4300       4303        
4400       4403        
5200       5103        
5100       5203        
5300       5303        
5400       5403        
5500       5503        
800000088  88          
800099999  99999       
800000090  90          
800000091  91          
800000092  92          
800000093  93          
800000094  94          
11099      9900110     
12099      9900210     
13099      9900320     
22099      9900220     
23099      9900311     
2099       9900310     
-2099      9900130     
33099      9900330     
44099      9900440     
112099     9902210     
122099     9902110     
213099     9903120     
800000110  110         
800000990  990         
