#Event Number   e2s             e3s             
21              0.0934103       0.0833126       
26              0.10599         0.0811826       
39              0.0749696       0.0656847       
61              0.0767264       0.1031          
168             0.022954        0.0781924       
340             0.100842        0.155251        
617             0.111495        0.0355194       
635             0.0992814       0.027469        
661             0.160446        0.0386371       
725             0.0363756       0.0292278       
1079            0.0450112       0.111578        
1295            0.130495        0.0643571       
1496            0.106545        0.0744852       
1674            0.12447         0.0786641       
1721            0.110273        0.164698        
1769            0.0944006       0.145564        
2014            0.117632        0.0958738       
2206            0.0366856       0.12216         
2254            0.0451211       0.0804288       
2382            0.0385549       0.0332434       
2418            0.135968        0.0397189       
2668            0.0612888       0.0718368       
2689            0.0408273       0.161072        
2828            0.0160716       0.0769126       
2831            0.024983        0.108615        
2934            0.0917282       0.0768183       
3077            0.114037        0.104583        
3342            0.0550423       0.0483222       
3393            0.00889066      0.0345962       
3423            0.0976023       0.0190837       
3533            0.102267        0.0731481       
3591            0.0947304       0.0972594       
3803            0.0257008       0.0400487       
3808            0.0411478       0.0829971       
3914            0.128393        0.0858793       
3916            0.0502096       0.0904484       
4110            0.0957507       0.18722         
4116            0.0805362       0.107968        
4138            0.0543096       0.0701246       
4217            0.0710488       0.0855336       
4227            0.0281065       0.0467156       
4287            0.0302869       0.0387275       
4548            0.0868156       0.0982319       
4717            0.0324971       0.102501        
4754            0.152029        0.081612        
4815            0.0229192       0.0928351       
5030            0.13592         0.128199        
5059            0.133014        0.111054        
5073            0.0133389       0.099227        
5129            0.106449        0.0915424       
5194            0.079496        0.075399        
5321            0.0850392       0.0612725       
5342            0.0908819       0.0997861       
5403            0.0421925       0.153892        
5510            0.0955114       0.085424        
5559            0.0594733       0.0416589       
5573            0.0711881       0.0995775       
5610            0.0644797       0.0870373       
5728            0.0504038       0.0537335       
5832            0.0787616       0.086343        
5937            0.195099        0.0723015       
5992            0.0363285       0.0880326       
6097            0.06707         0.089717        
6109            0.0585364       0.117508        
6175            0.106953        0.0955507       
6176            0.0265344       0.158932        
6255            0.0870472       0.0509875       
6317            0.171564        0.1256          
6397            0.0361225       0.111283        
6473            0.0587059       0.0933204       
6530            0.0625525       0.0874276       
6560            0.0493905       0.103775        
6561            0.0226805       0.129105        
6669            0.105358        0.12159         
6725            0.0968012       0.0436804       
6780            0.108516        0.106247        
6836            0.17309         0.061589        
6940            0.10397         0.109111        
7007            0.0414637       0.0543351       
7153            0.131722        0.155013        
7351            0.0469803       0.105772        
7455            0.159009        0.0393808       
7793            0.166401        0.0959828       
7861            0.0557094       0.121593        
7989            0.119049        0.0756562       
8018            0.088179        0.153651        
8190            0.0368865       0.164209        
8192            0.157059        0.0430595       
8323            0.07071         0.086148        
8461            0.043346        0.0116967       
8523            0.160087        0.0705157       
8527            0.0862717       0.11685         
8717            0.11536         0.100621        
9009            0.0720318       0.0759453       
9019            0.0816764       0.0725768       
9040            0.0641474       0.0437652       
9320            0.0662112       0.115291        
9378            0.139403        0.0645933       
9410            0.049052        0.0253908       
9588            0.0207361       0.128854        
9617            0.0514258       0.0362317       
9637            0.146071        0.0970478       
9721            0.0294866       0.0179882       
9797            0.054401        0.123992        
9807            0.18148         0.035269        
9818            0.0344058       0.135179        
9987            0.0657401       0.0855329       
10054           0.0906753       0.0703916       
10065           0.0874263       0.0876744       
10077           0.0954156       0.129398        
10121           0.0602444       0.0656953       
10343           0.0950708       0.0965525       
10350           0.113643        0.034614        
10564           0.0153248       0.112544        
10574           0.218558        0.0301663       
10617           0.221093        0.0733914       
10629           0.0694          0.142214        
10862           0.0764583       0.134984        
10986           0.099849        0.0599637       
11062           0.0586711       0.0675954       
11077           0.038189        0.0136908       
11134           0.110187        0.0377976       
11238           0.119333        0.172142        
11299           0.119847        0.184876        
11308           0.0830194       0.0531852       
11404           0.062454        0.0568549       
11420           0.0325324       0.0911072       
11608           0.0840984       0.0976221       
11752           0.032696        0.0286636       
11857           0.132041        0.0846431       
11979           0.111933        0.143795        
12092           0.0364344       0.0903043       
12217           0.0606926       0.0290821       
12281           0.0438366       0.0856187       
12333           0.0315028       0.0313293       
12443           0.058193        0.0279047       
12472           0.139085        0.0228039       
12850           0.16484         0.116385        
12892           0.0430365       0.0703847       
13009           0.109106        0.0251046       
13139           0.0835604       0.0685368       
13150           0.0655001       0.0161548       
13151           0.0871887       0.189494        
13320           0.0417758       0.0869081       
13387           0.0339378       0.109621        
13822           0.10969         0.0575131       
13867           0.0670482       0.126014        
14308           0.0730114       0.0160933       
14407           0.135961        0.0327221       
14620           0.0484794       0.102356        
14785           0.0602666       0.118889        
15057           0.130443        0.137842        
15068           0.130041        0.065069        
15096           0.0510506       0.0737009       
15149           0.0714311       0.0210813       
15233           0.08775         0.157709        
15315           0.178207        0.0968979       
15490           0.145877        0.146657        
15496           0.0380805       0.0476218       
15649           0.0208281       0.0611492       
15681           0.0818559       0.151121        
15792           0.0754932       0.0307461       
15856           0.0650136       0.0685751       
15945           0.102816        0.0490347       
16054           0.0498732       0.104377        
16341           0.0511968       0.119077        
16363           0.10597         0.103164        
16401           0.0314129       0.0167141       
16407           0.0846707       0.0702614       
16433           0.198749        0.0265737       
16443           0.0451846       0.0663466       
16568           0.119591        0.0600023       
16603           0.0417621       0.084742        
16859           0.0765486       0.049529        
17006           0.0585578       0.0545314       
17009           0.04028         0.125442        
17021           0.0567028       0.0855834       
17071           0.0677178       0.0509912       
17074           0.0999649       0.136595        
17200           0.0493129       0.102636        
17221           0.0239464       0.0737301       
17282           0.155427        0.0573299       
17382           0.129915        0.0582394       
17398           0.0395739       0.0937454       
17570           0.0860062       0.0560885       
17572           0.0195737       0.048223        
17798           0.0459067       0.0970924       
17855           0.0925832       0.0773026       
17867           0.0577909       0.0832884       
18031           0.0594814       0.0377969       
18036           0.0801108       0.0325374       
18061           0.0516394       0.0759157       
18125           0.0414227       0.133621        
18135           0.0948414       0.0828058       
18236           0.0373895       0.137657        
18242           0.125526        0.0302192       
18248           0.0355121       0.0513924       
18361           0.0233529       0.137357        
18436           0.109702        0.183461        
18474           0.0584327       0.105702        
18516           0.0358076       0.143676        
18640           0.122422        0.136755        
18800           0.083292        0.019266        
18818           0.0514134       0.00712005      
18850           0.0581307       0.0943096       
18947           0.165823        0.0327063       
19024           0.0620708       0.146294        
19035           0.0588906       0.0791677       
19127           0.0683828       0.0986562       
19464           0.130938        0.0270209       
19726           0.0454126       0.112686        
19904           0.0215966       0.0558588       
20011           0.0839594       0.0753399       
20196           0.121891        0.124646        
20222           0.0705206       0.0417324       
20433           0.12924         0.0751138       
20595           0.0343964       0.138495        
20603           0.0922403       0.0343249       
20732           0.0638659       0.046577        
20757           0.125119        0.125199        
21088           0.110729        0.059139        
21139           0.0654083       0.0683544       
21303           0.0821526       0.060735        
21493           0.0298417       0.176915        
21552           0.124448        0.0237361       
21756           0.0544552       0.133847        
21856           0.0906037       0.0733758       
21891           0.112037        0.044213        
21906           0.0414116       0.0385899       
21949           0.0973064       0.133089        
22049           0.0408868       0.00576008      
22059           0.0900949       0.0468044       
22193           0.105415        0.0548462       
22335           0.090804        0.106222        
22383           0.156401        0.0766713       
22520           0.0045764       0.0131621       
22822           0.151514        0.0721958       
23074           0.104907        0.163599        
23083           0.0933442       0.0458457       
23135           0.0562156       0.0535058       
23305           0.105609        0.144726        
23444           0.122592        0.0699345       
23607           0.0417228       0.0584383       
23617           0.0359873       0.0657516       
23676           0.0796725       0.115794        
23733           0.058553        0.0673981       
23948           0.0753787       0.0249764       
24298           0.0655863       0.0490864       
24305           0.126818        0.0715351       
24347           0.0422113       0.0244513       
24498           0.0334685       0.138406        
24520           0.0389684       0.0842399       
24597           0.0986786       0.0266857       
24616           0.0590072       0.0214104       
24669           0.0479869       0.185282        
24740           0.0938583       0.170279        
24805           0.0838779       0.115528        
25024           0.168129        0.120152        
25088           0.115515        0.0565871       
25397           0.0407171       0.0703879       
25414           0.0825062       0.107699        
25554           0.112397        0.0358476       
26030           0.107862        0.0359318       
26104           0.0347543       0.0992182       
26196           0.0394636       0.0532414       
26237           0.00521296      0.0277631       
26340           0.0704588       0.0651623       
26404           0.0916264       0.0832615       
26406           0.0469085       0.15212         
26470           0.110802        0.0249498       
26579           0.035922        0.0914677       
26773           0.0898264       0.0845526       
26783           0.0999942       0.0244537       
26860           0.117436        0.0842205       
26870           0.119344        0.0927114       
26884           0.0405139       0.0386393       
26938           0.0849331       0.101317        
27161           0.128082        0.0835028       
27182           0.0993554       0.0561906       
27265           0.0423047       0.0387039       
27559           0.0867008       0.11015         
27577           0.0289105       0.155126        
27696           0.0497994       0.0691685       
27748           0.0893067       0.0528832       
27753           0.0479457       0.0717942       
27844           0.169539        0.106077        
27888           0.0553218       0.0444454       
28078           0.0324362       0.0639364       
28368           0.24938         0.0777988       
28374           0.0485532       0.0567135       
28386           0.0761908       0.129749        
28576           0.0922311       0.0145932       
28746           0.042849        0.120353        
28769           0.151842        0.117835        
28844           0.0605025       0.0646172       
28942           0.0407875       0.100722        
28994           0.0983177       0.0656451       
29042           0.0891756       0.061408        
29049           0.0492162       0.0648087       
29308           0.0984206       0.162176        
29352           0.0674941       0.092405        
29519           0.0853942       0.0325388       
29770           0.0278051       0.0231728       
29773           0.122018        0.0821707       
29899           0.124615        0.0353595       
29964           0.0458774       0.119385        
30176           0.0362749       0.180197        
30196           0.0196458       0.059062        
30283           0.0860005       0.104025        
30393           0.109313        0.117773        
30525           0.108748        0.125044        
30622           0.0873864       0.0533397       
30657           0.0561816       0.0581355       
30666           0.022901        0.0663605       
30702           0.0843621       0.104931        
30712           0.0397278       0.0423849       
30808           0.0887646       0.106574        
30870           0.154454        0.0476987       
30943           0.081427        0.0350738       
31035           0.0866755       0.0377979       
31124           0.118962        0.0470958       
31193           0.0817822       0.103529        
31241           0.0760701       0.0861323       
31331           0.0944762       0.0499528       
31363           0.0745201       0.143204        
31522           0.040802        0.0497893       
31789           0.120361        0.136064        
31907           0.107724        0.0647544       
31967           0.0470977       0.0475738       
32061           0.00945232      0.0594556       
32062           0.0564581       0.118713        
32169           0.0480932       0.0641754       
32184           0.055694        0.0596384       
32586           0.0322483       0.11932         
32605           0.119637        0.0331792       
32629           0.0569781       0.148742        
32750           0.0612315       0.102871        
32765           0.205668        0.107053        
32812           0.14257         0.102222        
32850           0.026921        0.0771666       
32987           0.0354628       0.124264        
33165           0.104702        0.0803507       
33176           0.0527842       0.141487        
33275           0.0905189       0.0428702       
33451           0.113405        0.113923        
33489           0.0462034       0.053429        
33594           0.0909372       0.122337        
33827           0.0223523       0.0805039       
34089           0.0778014       0.192285        
34123           0.0862663       0.0455671       
34211           0.0940081       0.0459193       
34433           0.0593353       0.0830129       
34467           0.0331512       0.0423819       
34486           0.0875279       0.0981272       
34524           0.073709        0.0161565       
34769           0.0387599       0.0883325       
34944           0.0510933       0.0786471       
35443           0.148022        0.106877        
35444           0.0937684       0.0289058       
35445           0.117522        0.0991292       
35555           0.0987265       0.0332316       
35798           0.0765925       0.0825847       
35845           0.055166        0.0740621       
35903           0.0791944       0.00474471      
35934           0.043253        0.109197        
36171           0.09052         0.0396462       
36260           0.0667402       0.100194        
36320           0.176902        0.049859        
36557           0.0485458       0.0737323       
36573           0.10639         0.0592531       
36661           0.0292526       0.0931619       
37065           0.106805        0.0778198       
37171           0.059017        0.100173        
37397           0.0754582       0.0993537       
37561           0.181368        0.0154575       
37563           0.0655376       0.0146887       
37569           0.0058318       0.0598154       
37622           0.0715048       0.0889629       
37712           0.0694308       0.0436545       
37778           0.169882        0.0773708       
37797           0.0386241       0.133187        
37832           0.0771519       0.0775339       
37990           0.0269855       0.077084        
38042           0.0688101       0.0815984       
38050           0.0238043       0.0603422       
38103           0.0329567       0.0588267       
38340           0.0567114       0.0233838       
38581           0.135625        0.0606871       
38594           0.0829525       0.0214348       
38599           0.157126        0.153657        
38603           0.0479606       0.00393835      
38665           0.0883653       0.114459        
38694           0.159649        0.0374404       
38702           0.0963454       0.123818        
38703           0.0303765       0.0684727       
38823           0.0443165       0.100142        
39048           0.0581101       0.0861996       
39075           0.0952289       0.0754094       
39138           0.036801        0.0649021       
39358           0.0891099       0.0414829       
39475           0.0771897       0.0865593       
39521           0.0947072       0.163829        
39525           0.0682956       0.0416176       
40067           0.0581744       0.132675        
40121           0.0364191       0.096916        
40158           0.0387543       0.0684935       
40208           0.0331897       0.0614659       
40221           0.0537046       0.0592263       
40326           0.045414        0.0815872       
40385           0.0454607       0.0350189       
40487           0.14169         0.0256696       
40492           0.0193126       0.065972        
40868           0.0170251       0.0333758       
40943           0.0726996       0.0823353       
40990           0.0761095       0.11317         
41560           0.0262905       0.0672058       
41622           0.111148        0.020877        
41649           0.0839763       0.0957934       
41885           0.063562        0.0207046       
41923           0.067648        0.0304249       
42160           0.0819904       0.141099        
42174           0.14979         0.0634154       
42251           0.0570012       0.0550265       
42434           0.10999         0.0958696       
42480           0.181271        0.0566153       
42975           0.0444143       0.111833        
43078           0.0447283       0.0292562       
43096           0.0536232       0.0418297       
43142           0.0295459       0.0740661       
43295           0.0783261       0.0731898       
43347           0.133439        0.122854        
43355           0.0301145       0.0788187       
43356           0.223194        0.0586414       
43436           0.0506253       0.0830724       
43514           0.185983        0.0884161       
43750           0.110351        0.112661        
44185           0.0295912       0.123879        
44448           0.111583        0.102174        
44508           0.0190582       0.102139        
44548           0.0658243       0.13269         
44719           0.0263073       0.0196459       
44754           0.0615231       0.127678        
44816           0.065072        0.0116186       
44833           0.103671        0.0851509       
44857           0.183312        0.226534        
44897           0.0843224       0.0393639       
44922           0.0462362       0.0807886       
45129           0.0769705       0.0887748       
45202           0.089882        0.0543908       
45209           0.0659843       0.0705696       
45284           0.143244        0.141398        
45383           0.0658117       0.0544263       
45445           0.193963        0.0476934       
45529           0.0315739       0.0578592       
45773           0.132623        0.112491        
45816           0.116323        0.110012        
45921           0.066989        0.0531832       
45937           0.145895        0.150787        
46090           0.108925        0.171822        
46238           0.164635        0.14424         
46283           0.0597589       0.140337        
46300           0.0693518       0.195269        
46328           0.109351        0.0679692       
46515           0.0289765       0.0428768       
46569           0.0795278       0.0900554       
46687           0.0248993       0.0756639       
46842           0.0979568       0.0206834       
46961           0.112142        0.0356223       
47005           0.120361        0.024273        
47131           0.115783        0.101804        
47137           0.0704331       0.0318281       
47174           0.0940003       0.0443954       
47323           0.121914        0.198439        
47415           0.0805649       0.0210111       
47518           0.0565102       0.0454716       
47525           0.0327395       0.110438        
47827           0.172713        0.12314         
47901           0.051353        0.0771948       
47993           0.0531289       0.0747707       
48062           0.0709749       0.0226418       
48416           0.114601        0.137596        
48606           0.107237        0.026241        
48635           0.0985166       0.150326        
48685           0.100724        0.027157        
48771           0.137622        0.0299739       
48791           0.122065        0.145911        
48841           0.144339        0.0747107       
48955           0.110097        0.123201        
49032           0.112588        0.134893        
49133           0.0168193       0.0724952       
49135           0.0631066       0.145325        
49211           0.0870186       0.107437        
49215           0.0779853       0.0563436       
49416           0.0772274       0.0895151       
49550           0.0774465       0.0565248       
49694           0.103715        0.0482997       
49711           0.0906346       0.0409904       
49764           0.0230249       0.0871098       
49796           0.071824        0.108888        
50074           0.0710804       0.0591635       
50189           0.059923        0.117872        
50214           0.13484         0.0596944       
50457           0.0570262       0.095649        
50681           0.0619761       0.129252        
50713           0.099363        0.0652022       
50752           0.0419419       0.126409        
50758           0.127101        0.0310712       
50785           0.0949064       0.0992563       
51218           0.0368412       0.0286566       
51231           0.166195        0.0404217       
51351           0.0675576       0.0513997       
51352           0.0882242       0.117321        
51498           0.0810488       0.0370449       
51656           0.0773486       0.0749588       
51794           0.0399983       0.0998043       
51919           0.116755        0.0469175       
51937           0.0901407       0.0515506       
52006           0.0736707       0.14899         
52070           0.0920852       0.0354637       
52138           0.0981639       0.0235122       
52325           0.0432563       0.0785522       
52349           0.100374        0.0743225       
52372           0.111976        0.155321        
52435           0.128278        0.122134        
52463           0.063805        0.0882846       
52634           0.161228        0.00547983      
52688           0.18586         0.0531447       
52814           0.0783677       0.0779124       
52825           0.0974348       0.0712116       
53097           0.0899846       0.0784567       
53161           0.112195        0.0584527       
53200           0.0267883       0.063802        
53296           0.143373        0.0913092       
53327           0.0195583       0.103732        
53411           0.0852772       0.00599117      
53417           0.0489083       0.0694998       
53793           0.054281        0.0127825       
53900           0.0484932       0.122006        
53976           0.0400584       0.0759109       
54302           0.0964373       0.108196        
54523           0.144794        0.0345228       
54581           0.0846177       0.0609418       
54874           0.0743763       0.103574        
54900           0.134599        0.00728064      
55069           0.0356465       0.137353        
55254           0.0813766       0.0857336       
55369           0.0217843       0.0827858       
55424           0.0622728       0.0791605       
55659           0.0309189       0.0441031       
55698           0.0253199       0.0193563       
55969           0.0848161       0.0656852       
55975           0.0853489       0.0615569       
56047           0.0410795       0.0882794       
56237           0.107314        0.0228588       
56534           0.141057        0.0208785       
56566           0.17177         0.0219468       
56714           0.124411        0.0426761       
56800           0.0477937       0.0212882       
56843           0.0679887       0.045514        
56887           0.0624212       0.0670059       
57031           0.0884853       0.0797805       
57104           0.0324718       0.128149        
57109           0.0928008       0.0627033       
57156           0.0593538       0.0927935       
57273           0.0549409       0.07768         
57331           0.0934512       0.176925        
57409           0.0418395       0.0940583       
57507           0.0461825       0.04004         
57567           0.112075        0.0558212       
57693           0.0920545       0.0807825       
57767           0.0460447       0.0839355       
57808           0.0664441       0.0552489       
58228           0.06517         0.150295        
58311           0.0595312       0.0490078       
58314           0.0442412       0.0437891       
58400           0.11253         0.0754249       
58541           0.0712341       0.0780709       
58817           0.0969087       0.0818701       
58911           0.115753        0.0839405       
59000           0.0624438       0.0852505       
59045           0.108634        0.0369156       
59186           0.0772343       0.0453923       
59213           0.033361        0.0547404       
59256           0.0871801       0.0456164       
59429           0.0236655       0.102917        
59497           0.0590122       0.116915        
59557           0.100474        0.0845391       
59561           0.0637716       0.055264        
59714           0.108219        0.0162847       
59723           0.161215        0.0304022       
59731           0.142698        0.00647367      
59804           0.053275        0.0862142       
59809           0.0689324       0.0505397       
59832           0.0537405       0.138922        
59879           0.0536648       0.0253472       
59904           0.044529        0.0509839       
59911           0.122349        0.0172144       
59965           0.15816         0.082734        
60011           0.0735794       0.0613531       
60067           0.0997044       0.130704        
60118           0.0470142       0.021432        
60151           0.0925368       0.153323        
60153           0.0968264       0.0548671       
60650           0.0540976       0.113536        
61370           0.136627        0.107434        
61406           0.0470049       0.10186         
61458           0.0373464       0.0743556       
61598           0.104929        0.00747749      
61673           0.0807945       0.0359745       
61695           0.0520758       0.102216        
61917           0.12442         0.124294        
61933           0.0398031       0.0701914       
62003           0.138415        0.0633457       
62012           0.0173972       0.0300104       
62074           0.0593027       0.0811231       
62086           0.114299        0.0195952       
62092           0.151136        0.08949         
62095           0.0545475       0.0392909       
62264           0.0913963       0.0669406       
62518           0.0999203       0.0665092       
62565           0.191655        0.115881        
62698           0.0974442       0.0530943       
62832           0.0767482       0.0997538       
62833           0.0926157       0.157512        
62837           0.0631651       0.0675605       
62983           0.12482         0.159332        
63006           0.0960753       0.0793534       
63193           0.052514        0.0289159       
63232           0.0945665       0.109547        
63340           0.144437        0.0244036       
63475           0.0849003       0.0914644       
63530           0.0805166       0.050486        
63591           0.0639051       0.0848631       
63599           0.14406         0.030613        
63666           0.017706        0.0338033       
63811           0.147064        0.0707831       
63877           0.0963413       0.057843        
63924           0.02074         0.0418474       
64458           0.0171186       0.0381401       
64469           0.0408698       0.168282        
64472           0.0929511       0.0828252       
64687           0.0687812       0.0258411       
64700           0.059279        0.14525         
64719           0.0823529       0.0826294       
64872           0.0694237       0.0887956       
64896           0.0704363       0.125187        
64961           0.0445118       0.0866234       
65062           0.0314966       0.0423976       
65097           0.0505352       0.0628024       
65170           0.0183893       0.0388924       
65598           0.0939478       0.196292        
65619           0.0389181       0.00763498      
65953           0.0545061       0.132201        
65996           0.0940309       0.10773         
66062           0.0827985       0.0504416       
66065           0.0783736       0.0670869       
66191           0.0950856       0.0746464       
66249           0.0107498       0.086488        
66437           0.0138642       0.00587733      
66558           0.067506        0.0982735       
66676           0.133508        0.102628        
66729           0.0199385       0.0950286       
66761           0.0341929       0.145884        
67004           0.153706        0.0324476       
67036           0.124105        0.0124212       
67103           0.0831749       0.0909973       
67369           0.0723788       0.0637303       
67436           0.166622        0.0687094       
67470           0.0951716       0.0430465       
67497           0.0908464       0.0113842       
67603           0.0180095       0.0706039       
67604           0.0637072       0.109594        
67655           0.0902504       0.0161083       
67689           0.0439738       0.077469        
67743           0.106677        0.0871459       
67873           0.0935086       0.0480484       
68001           0.131728        0.0489461       
68134           0.0450963       0.155296        
68662           0.0884658       0.101243        
68877           0.0188566       0.0512705       
68988           0.126006        0.0398936       
69077           0.0295122       0.134702        
69446           0.104348        0.0834102       
69507           0.141056        0.0416129       
69516           0.125956        0.0445575       
69530           0.00401852      0.0969325       
69574           0.0661267       0.112768        
69675           0.129403        0.0563187       
69721           0.0556957       0.0332923       
69735           0.0257549       0.0482921       
69750           0.100803        0.162422        
69804           0.136948        0.048092        
69869           0.0973485       0.0873505       
69992           0.0350094       0.123147        
70289           0.0532404       0.0834916       
70296           0.031739        0.0603217       
70367           0.144332        0.0432582       
70454           0.0254317       0.0350482       
70499           0.0835703       0.0357637       
70510           0.0842095       0.0884623       
70584           0.132174        0.0115293       
70590           0.0220934       0.104182        
70663           0.133314        0.0714729       
70722           0.0769671       0.0757268       
70799           0.0572894       0.105655        
70849           0.0608148       0.11163         
70855           0.0438686       0.108362        
70991           0.0686903       0.00425372      
71066           0.102797        0.0976323       
71139           0.157726        0.160537        
71168           0.062886        0.0456156       
71307           0.101653        0.0655459       
71508           0.0296588       0.117852        
71526           0.0747665       0.0458033       
71593           0.187668        0.0993187       
71631           0.104644        0.11473         
71769           0.0729142       0.0861611       
71875           0.076406        0.0682466       
71881           0.101545        0.0472073       
72044           0.0524329       0.154888        
72092           0.119325        0.0349262       
72216           0.0506633       0.0496218       
72259           0.111365        0.0581638       
72319           0.10225         0.0713477       
72456           0.059146        0.130164        
72597           0.0579629       0.0872777       
72704           0.0745137       0.0962097       
72771           0.076942        0.141022        
72839           0.0179303       0.0866164       
72863           0.212614        0.144852        
72961           0.141171        0.0896251       
72986           0.0620543       0.0670584       
73065           0.0200007       0.0863425       
73500           0.138426        0.131034        
73511           0.142561        0.106107        
73545           0.165722        0.0426204       
73562           0.00687027      0.174036        
73668           0.0156192       0.00516741      
73694           0.0536042       0.0927835       
73946           0.0480801       0.0654313       
74094           0.128405        0.0475942       
74097           0.0609113       0.0668406       
74255           0.0672899       0.117571        
74263           0.060015        0.0974017       
74321           0.12163         0.0928262       
74379           0.144788        0.0912621       
74385           0.0506203       0.125745        
74452           0.0751663       0.0167006       
74470           0.13021         0.0868225       
74587           0.0572546       0.0876272       
74675           0.031313        0.105796        
74707           0.0507442       0.0206701       
74849           0.0493875       0.0737268       
74888           0.0635418       0.124122        
74938           0.0370683       0.0795698       
74990           0.0742268       0.132493        
75146           0.0763071       0.0212044       
75180           0.0480325       0.0343244       
75321           0.0310468       0.0289904       
75483           0.0954107       0.0410975       
75566           0.15142         0.0909825       
75593           0.0895566       0.0591279       
75600           0.119612        0.0263767       
75606           0.114287        0.0423292       
75693           0.061441        0.0523995       
75749           0.121446        0.0872823       
75814           0.0299352       0.0533871       
76015           0.103084        0.0998476       
76044           0.00699426      0.0721176       
76051           0.0138436       0.00776274      
76308           0.0478555       0.0694872       
76382           0.0972738       0.0476906       
76905           0.053005        0.025166        
76937           0.0433645       0.0977123       
77304           0.148619        0.0369268       
77317           0.0741394       0.0514399       
77425           0.0531641       0.0736571       
77450           0.165534        0.0679877       
77572           0.0355457       0.0892643       
77612           0.0213927       0.0564967       
77716           0.082459        0.101967        
77863           0.0811          0.054746        
78125           0.01479         0.0489638       
78134           0.164493        0.139827        
78300           0.0685743       0.0231832       
78497           0.134172        0.0893309       
78557           0.0941107       0.0945916       
78577           0.128647        0.0480777       
78607           0.0990879       0.0336214       
78904           0.13073         0.12273         
78944           0.0231137       0.109346        
79100           0.020842        0.126674        
79138           0.0346618       0.129596        
79141           0.135449        0.0623399       
79144           0.059761        0.0953653       
79206           0.0229275       0.119503        
79221           0.0242201       0.130542        
79318           0.0267132       0.105678        
79325           0.0330101       0.079521        
79354           0.0811308       0.122472        
79524           0.0909139       0.0771033       
79552           0.109626        0.0922121       
79804           0.0334126       0.0365481       
79941           0.129896        0.0393227       
80030           0.0984548       0.110687        
80095           0.0355184       0.024694        
80136           0.0412711       0.139015        
80399           0.132338        0.0814074       
80452           0.0977146       0.103731        
80662           0.0735402       0.0430076       
80702           0.0160138       0.0537611       
80877           0.0560151       0.00912534      
81388           0.0247298       0.0935759       
81506           0.041398        0.0795298       
81634           0.12967         0.046902        
81645           0.0879956       0.0863602       
81940           0.0455086       0.0541272       
82028           0.0534386       0.0731443       
82059           0.0191919       0.0162213       
82108           0.0821757       0.0542198       
82116           0.0215236       0.118562        
82385           0.136734        0.0904628       
82525           0.0192834       0.0804257       
82682           0.00870479      0.0334367       
82787           0.0950821       0.0471637       
82823           0.0351973       0.139426        
82844           0.105904        0.129027        
82989           0.0146641       0.0408975       
83032           0.0402738       0.103902        
83065           0.104595        0.108354        
83178           0.0951444       0.0904501       
83291           0.0238103       0.143253        
83572           0.152491        0.0796355       
83604           0.134283        0.108902        
83663           0.0212234       0.164371        
83787           0.0744099       0.0596414       
83789           0.0432377       0.060941        
83810           0.0150006       0.183423        
83895           0.0423274       0.0842157       
83944           0.0763666       0.082439        
83994           0.0505236       0.0371513       
84066           0.019076        0.0816822       
84075           0.0993137       0.119599        
84377           0.0695333       0.040975        
84478           0.0775192       0.0605475       
84523           0.0263694       0.00850328      
85020           0.0882582       0.0302746       
85031           0.0378572       0.0739451       
85058           0.0434535       0.0523101       
85114           0.088662        0.143637        
85516           0.0635352       0.0818189       
85641           0.0534496       0.101701        
85978           0.0300289       0.0395124       
86164           0.0789598       0.12276         
86677           0.0171565       0.0734694       
86691           0.0409601       0.116099        
86731           0.0446929       0.0638631       
86733           0.0542094       0.0843405       
86751           0.0353238       0.0916065       
86887           0.0122897       0.0954465       
87153           0.0810628       0.0632246       
87277           0.0868475       0.0946105       
87292           0.187308        0.0224748       
87445           0.023131        0.0769079       
87458           0.0738726       0.0918018       
87632           0.152788        0.0294357       
87657           0.13807         0.0244881       
87713           0.0875878       0.102883        
87794           0.0924295       0.0969963       
87852           0.121183        0.112273        
87877           0.128869        0.0540245       
87971           0.0540764       0.0437593       
87994           0.0988512       0.122469        
88121           0.109121        0.0240933       
88230           0.0730068       0.108887        
88414           0.0588403       0.0290951       
88477           0.112747        0.103294        
88665           0.19144         0.133105        
88761           0.0411934       0.0261875       
88891           0.0817475       0.0429493       
89001           0.131428        0.0624507       
89193           0.099762        0.0204262       
89246           0.103872        0.0293606       
89429           0.129409        0.0537795       
89438           0.0250586       0.108693        
89694           0.0278619       0.0423477       
89699           0.0302584       0.0881951       
89878           0.0727009       0.118708        
90014           0.0834108       0.0950211       
90026           0.140975        0.0858862       
90092           0.077647        0.110544        
90150           0.0545889       0.113878        
90160           0.120275        0.075224        
90275           0.0614622       0.01464         
90423           0.0639142       0.0667854       
90466           0.0688925       0.0995572       
90553           0.0860975       0.10639         
90661           0.0861997       0.0610183       
90719           0.0401097       0.0362159       
90964           0.0985869       0.0623647       
91136           0.0380147       0.185993        
91198           0.0103895       0.0801348       
91224           0.0250166       0.125015        
91248           0.0649405       0.0763008       
91353           0.0653439       0.0286698       
91504           0.0345359       0.106272        
91634           0.161138        0.0625936       
91727           0.10261         0.154012        
91790           0.0566205       0.0739514       
91860           0.100363        0.0161749       
91874           0.0773674       0.0945046       
91924           0.0494167       0.13592         
91985           0.0936439       0.0524214       
92004           0.196738        0.146841        
92322           0.0660633       0.114061        
92434           0.0441507       0.0409075       
92489           0.0497943       0.0549656       
92508           0.0887981       0.178991        
92527           0.0295356       0.120798        
92639           0.0435375       0.0175705       
92781           0.0848724       0.0865829       
93056           0.0630324       0.0494575       
93138           0.0629145       0.149973        
93154           0.0518647       0.0171814       
93304           0.0418055       0.0189244       
93360           0.0896174       0.0939552       
93846           0.0756588       0.0503598       
93963           0.137163        0.14775         
94064           0.0738351       0.166737        
94086           0.111682        0.0279544       
94125           0.0199294       0.119119        
94278           0.110048        0.0889002       
94303           0.109618        0.0622591       
94306           0.100055        0.0431156       
94433           0.0363316       0.0697784       
94539           0.0512539       0.11697         
94597           0.0357411       0.084224        
94639           0.0546479       0.0983031       
94668           0.100722        0.0546852       
94685           0.120187        0.131541        
94811           0.0812599       0.0558209       
94887           0.13641         0.0779338       
94911           0.0411272       0.078476        
94960           0.0381133       0.115398        
95140           0.0577792       0.0366847       
95193           0.116387        0.131152        
95383           0.032704        0.114285        
95393           0.123576        0.181844        
95438           0.09452         0.0772967       
95547           0.0566315       0.0391128       
95628           0.122571        0.0906554       
95786           0.10398         0.0304153       
95808           0.0429436       0.0518122       
95836           0.0750657       0.0525557       
95882           0.0780013       0.0934016       
95936           0.0836253       0.0175233       
96060           0.0854243       0.0602395       
96128           0.0861616       0.108005        
96174           0.045519        0.0680354       
96305           0.0470502       0.0314263       
96354           0.0280809       0.0664584       
96550           0.0166559       0.0817266       
96569           0.107709        0.016111        
96682           0.0184187       0.0989881       
96727           0.162651        0.0239796       
96836           0.0933922       0.133795        
96926           0.159608        0.0748858       
97185           0.0712687       0.0888241       
97386           0.0879579       0.105872        
97502           0.11124         0.0475816       
97511           0.0625822       0.101668        
97640           0.082741        0.0290471       
97649           0.0758379       0.0500797       
97727           0.0356585       0.07664         
97782           0.0670255       0.0512325       
97810           0.131235        0.0392374       
98023           0.0418259       0.11204         
98117           0.0932883       0.0765962       
98477           0.148264        0.0762604       
98513           0.11848         0.13698         
98707           0.0478158       0.156683        
98710           0.114722        0.0777707       
98825           0.0507102       0.187768        
98914           0.0136221       0.127155        
98928           0.011744        0.107874        
98934           0.0347432       0.113563        
98966           0.0170272       0.0446661       
99137           0.086308        0.0425451       
99175           0.0354674       0.018358        
99396           0.020445        0.111653        
99443           0.0501434       0.114503        
99493           0.0466759       0.130197        
99555           0.106523        0.0593501       
99575           0.0501089       0.0479671       
99732           0.15023         0.0861602       
99780           0.0867535       0.0435532       
99878           0.0259467       0.148015        
99938           0.0426181       0.0623467       
99997           0.0199991       0.0821836       
